"month,year",Vendor Identifier,Rights Holder,Royalty,Recoupable,Cumu,Balance,Positive,Payment Owed
2013-01-01 00:00:00,0008_20120426_MOBZ_ASEPARACAO,Tag Cultural,325.500224,0.0,325.500224,325.500224,325.500224,325.500224
2013-02-01 00:00:00,0008_20120426_MOBZ_ASEPARACAO,Tag Cultural,217.581504,0.0,543.081728,543.081728,543.081728,217.581504
2013-03-01 00:00:00,0008_20120426_MOBZ_ASEPARACAO,Tag Cultural,211.976128,0.0,755.057856,755.057856,755.057856,211.976128
2013-04-01 00:00:00,0008_20120426_MOBZ_ASEPARACAO,Tag Cultural,227.79456,0.0,982.852416,982.852416,982.852416,227.79456
2013-05-01 00:00:00,0008_20120426_MOBZ_ASEPARACAO,Tag Cultural,99.457344,0.0,1082.30976,1082.30976,1082.30976,99.457344
2013-06-01 00:00:00,0008_20120426_MOBZ_ASEPARACAO,Tag Cultural,11.38592,0.0,1093.69568,1093.69568,1093.69568,11.38592
2013-07-01 00:00:00,0008_20120426_MOBZ_ASEPARACAO,Tag Cultural,30.989504,0.0,1124.685184,1124.685184,1124.685184,30.989504
2013-08-01 00:00:00,0008_20120426_MOBZ_ASEPARACAO,Tag Cultural,49.024192,0.0,1173.709376,1173.709376,1173.709376,49.024192
2013-09-01 00:00:00,0008_20120426_MOBZ_ASEPARACAO,Tag Cultural,49.892416,0.0,1223.601792,1223.601792,1223.601792,49.892416
2013-10-01 00:00:00,0008_20120426_MOBZ_ASEPARACAO,Tag Cultural,25.5136,0.0,1249.115392,1249.115392,1249.115392,25.5136
2013-11-01 00:00:00,0008_20120426_MOBZ_ASEPARACAO,Tag Cultural,18.2784,0.0,1267.393792,1267.393792,1267.393792,18.2784
2013-12-01 00:00:00,0008_20120426_MOBZ_ASEPARACAO,Tag Cultural,14.4704,0.0,1281.864192,1281.864192,1281.864192,14.4704
2014-01-01 00:00:00,0008_20120426_MOBZ_ASEPARACAO,Tag Cultural,30.0832,0.0,1311.947392,1311.947392,1311.947392,30.0832
2014-02-01 00:00:00,0008_20120426_MOBZ_ASEPARACAO,Tag Cultural,47.44768,0.0,1359.395072,1359.395072,1359.395072,47.44768
2014-03-01 00:00:00,0008_20120426_MOBZ_ASEPARACAO,Tag Cultural,59.724672,0.0,1419.119744,1419.119744,1419.119744,59.724672
2014-04-01 00:00:00,0008_20120426_MOBZ_ASEPARACAO,Tag Cultural,30.684864,0.0,1449.804608,1449.804608,1449.804608,30.684864
2014-05-01 00:00:00,0008_20120426_MOBZ_ASEPARACAO,Tag Cultural,18.50688,0.0,1468.311488,1468.311488,1468.311488,18.50688
2014-06-01 00:00:00,0008_20120426_MOBZ_ASEPARACAO,Tag Cultural,67.85856,0.0,1536.170048,1536.170048,1536.170048,67.85856
2014-07-01 00:00:00,0008_20120426_MOBZ_ASEPARACAO,Tag Cultural,38.255168,0.0,1574.425216,1574.425216,1574.425216,38.255168
2013-07-01 00:00:00,0163_20130110_MOBZ_CESARDEVEMORRER,Mares Filmes,7.9968,-308.913043478,7.9968,-300.916243478,0.0,0.0
2013-08-01 00:00:00,0163_20130110_MOBZ_CESARDEVEMORRER,Mares Filmes,622.478528,-308.913043478,630.475328,321.562284522,321.562284522,321.562284522
2013-09-01 00:00:00,0163_20130110_MOBZ_CESARDEVEMORRER,Mares Filmes,118.58112,-308.913043478,749.056448,440.143404522,440.143404522,118.58112
2013-10-01 00:00:00,0163_20130110_MOBZ_CESARDEVEMORRER,Mares Filmes,62.131328,-308.913043478,811.187776,502.274732522,502.274732522,62.131328
2013-11-01 00:00:00,0163_20130110_MOBZ_CESARDEVEMORRER,Mares Filmes,43.616832,-308.913043478,854.804608,545.891564522,545.891564522,43.616832
2013-12-01 00:00:00,0163_20130110_MOBZ_CESARDEVEMORRER,Mares Filmes,18.072768,-308.913043478,872.877376,563.964332522,563.964332522,18.072768
2014-01-01 00:00:00,0163_20130110_MOBZ_CESARDEVEMORRER,Mares Filmes,27.105344,-308.913043478,899.98272,591.069676522,591.069676522,27.105344
2014-02-01 00:00:00,0163_20130110_MOBZ_CESARDEVEMORRER,Mares Filmes,53.593792,-308.913043478,953.576512,644.663468522,644.663468522,53.593792
2014-03-01 00:00:00,0163_20130110_MOBZ_CESARDEVEMORRER,Mares Filmes,14.325696,-308.913043478,967.902208,658.989164522,658.989164522,14.325696
2014-04-01 00:00:00,0163_20130110_MOBZ_CESARDEVEMORRER,Mares Filmes,4.782848,-308.913043478,972.685056,663.772012522,663.772012522,4.782848
2014-05-01 00:00:00,0163_20130110_MOBZ_CESARDEVEMORRER,Mares Filmes,35.117376,-308.913043478,1007.802432,698.889388522,698.889388522,35.117376
2014-06-01 00:00:00,0163_20130110_MOBZ_CESARDEVEMORRER,Mares Filmes,10.098816,-308.913043478,1017.901248,708.988204522,708.988204522,10.098816
2014-08-01 00:00:00,0163_20130110_MOBZ_CESARDEVEMORRER,Mares Filmes,1.591744,-308.913043478,1019.492992,710.579948522,710.579948522,1.591744
2013-07-01 00:00:00,0183_20130110_MOBZ_OAMANTEDARAINHA,Mares Filmes,2144.604672,-308.913043478,2144.604672,1835.69162852,1835.69162852,1835.69162852
2013-08-01 00:00:00,0183_20130110_MOBZ_OAMANTEDARAINHA,Mares Filmes,6022.892736,-308.913043478,8167.497408,7858.58436452,7858.58436452,6022.892736
2013-09-01 00:00:00,0183_20130110_MOBZ_OAMANTEDARAINHA,Mares Filmes,1257.790016,-308.913043478,9425.287424,9116.37438052,9116.37438052,1257.790016
2013-10-01 00:00:00,0183_20130110_MOBZ_OAMANTEDARAINHA,Mares Filmes,437.508736,-308.913043478,9862.79616,9553.88311652,9553.88311652,437.508736
2013-11-01 00:00:00,0183_20130110_MOBZ_OAMANTEDARAINHA,Mares Filmes,380.617216,-308.913043478,10243.413376,9934.50033252,9934.50033252,380.617216
2013-12-01 00:00:00,0183_20130110_MOBZ_OAMANTEDARAINHA,Mares Filmes,498.12448,-308.913043478,10741.537856,10432.6248125,10432.6248125,498.12448
2014-01-01 00:00:00,0183_20130110_MOBZ_OAMANTEDARAINHA,Mares Filmes,517.674752,-308.913043478,11259.212608,10950.2995645,10950.2995645,517.674752
2014-02-01 00:00:00,0183_20130110_MOBZ_OAMANTEDARAINHA,Mares Filmes,447.051584,-308.913043478,11706.264192,11397.3511485,11397.3511485,447.051584
2014-03-01 00:00:00,0183_20130110_MOBZ_OAMANTEDARAINHA,Mares Filmes,290.946432,-308.913043478,11997.210624,11688.2975805,11688.2975805,290.946432
2014-04-01 00:00:00,0183_20130110_MOBZ_OAMANTEDARAINHA,Mares Filmes,261.868544,-308.913043478,12259.079168,11950.1661245,11950.1661245,261.868544
2014-05-01 00:00:00,0183_20130110_MOBZ_OAMANTEDARAINHA,Mares Filmes,180.750528,-308.913043478,12439.829696,12130.9166525,12130.9166525,180.750528
2014-06-01 00:00:00,0183_20130110_MOBZ_OAMANTEDARAINHA,Mares Filmes,199.973312,-308.913043478,12639.803008,12330.8899645,12330.8899645,199.973312
2014-07-01 00:00:00,0183_20130110_MOBZ_OAMANTEDARAINHA,Mares Filmes,232.303232,-308.913043478,12872.10624,12563.1931965,12563.1931965,232.303232
2014-08-01 00:00:00,0183_20130110_MOBZ_OAMANTEDARAINHA,Mares Filmes,14.8512,-308.913043478,12886.95744,12578.0443965,12578.0443965,14.8512
2013-09-01 00:00:00,0008_20120426_MOBZ_ASEPARACAO,Cineplex,104.448,-228.0,104.448,-123.552,0.0,0.0
2013-10-01 00:00:00,0008_20120426_MOBZ_ASEPARACAO,Cineplex,183.136,-228.0,287.584,59.584,59.584,59.584
2013-11-01 00:00:00,0008_20120426_MOBZ_ASEPARACAO,Cineplex,28.104,-228.0,315.688,87.688,87.688,28.104
2013-12-01 00:00:00,0008_20120426_MOBZ_ASEPARACAO,Cineplex,25.792,-228.0,341.48,113.48,113.48,25.792
2014-01-01 00:00:00,0008_20120426_MOBZ_ASEPARACAO,Cineplex,5.736,-228.0,347.216,119.216,119.216,5.736
2014-02-01 00:00:00,0008_20120426_MOBZ_ASEPARACAO,Cineplex,2.792,-228.0,350.008,122.008,122.008,2.792
2014-03-01 00:00:00,0008_20120426_MOBZ_ASEPARACAO,Cineplex,6.856,-228.0,356.864,128.864,128.864,6.856
2014-04-01 00:00:00,0008_20120426_MOBZ_ASEPARACAO,Cineplex,7.416,-228.0,364.28,136.28,136.28,7.416
2014-05-01 00:00:00,0008_20120426_MOBZ_ASEPARACAO,Cineplex,4.304,-228.0,368.584,140.584,140.584,4.304
2014-06-01 00:00:00,0008_20120426_MOBZ_ASEPARACAO,Cineplex,26.976,-228.0,395.56,167.56,167.56,26.976
2014-07-01 00:00:00,0008_20120426_MOBZ_ASEPARACAO,Cineplex,12.832,-228.0,408.392,180.392,180.392,12.832
2013-10-01 00:00:00,0183_20130110_MOBZ_OAMANTEDARAINHA,Cineplex,646.776,-617.826086957,646.776,28.9499130435,28.9499130435,28.9499130435
2013-11-01 00:00:00,0183_20130110_MOBZ_OAMANTEDARAINHA,Cineplex,493.896,-617.826086957,1140.672,522.845913043,522.845913043,493.896
2013-12-01 00:00:00,0183_20130110_MOBZ_OAMANTEDARAINHA,Cineplex,168.656,-617.826086957,1309.328,691.501913043,691.501913043,168.656
2014-01-01 00:00:00,0183_20130110_MOBZ_OAMANTEDARAINHA,Cineplex,72.08,-617.826086957,1381.408,763.581913043,763.581913043,72.08
2014-02-01 00:00:00,0183_20130110_MOBZ_OAMANTEDARAINHA,Cineplex,99.848,-617.826086957,1481.256,863.429913043,863.429913043,99.848
2014-03-01 00:00:00,0183_20130110_MOBZ_OAMANTEDARAINHA,Cineplex,90.792,-617.826086957,1572.048,954.221913043,954.221913043,90.792
2014-04-01 00:00:00,0183_20130110_MOBZ_OAMANTEDARAINHA,Cineplex,78.392,-617.826086957,1650.44,1032.61391304,1032.61391304,78.392
2014-05-01 00:00:00,0183_20130110_MOBZ_OAMANTEDARAINHA,Cineplex,60.816,-617.826086957,1711.256,1093.42991304,1093.42991304,60.816
2014-06-01 00:00:00,0183_20130110_MOBZ_OAMANTEDARAINHA,Cineplex,39.816,-617.826086957,1751.072,1133.24591304,1133.24591304,39.816
2014-07-01 00:00:00,0183_20130110_MOBZ_OAMANTEDARAINHA,Cineplex,54.12,-617.826086957,1805.192,1187.36591304,1187.36591304,54.12
2014-08-01 00:00:00,0183_20130110_MOBZ_OAMANTEDARAINHA,Cineplex,4.784,-617.826086957,1809.976,1192.14991304,1192.14991304,4.784
2013-11-01 00:00:00,0163_20130110_MOBZ_CESARDEVEMORRER,Cineplex,13.992,-617.826086957,13.992,-603.834086957,0.0,0.0
2014-03-01 00:00:00,0163_20130110_MOBZ_CESARDEVEMORRER,Cineplex,10.312,-617.826086957,24.304,-593.522086957,0.0,0.0
2014-05-01 00:00:00,0163_20130110_MOBZ_CESARDEVEMORRER,Cineplex,8.384,-617.826086957,32.688,-585.138086957,0.0,0.0
2014-06-01 00:00:00,0163_20130110_MOBZ_CESARDEVEMORRER,Cineplex,2.792,-617.826086957,35.48,-582.346086957,0.0,0.0
2014-05-01 00:00:00,0183_20130110_MOBZ_OAMANTEDARAINHA,Zima,813.727712,0.0,813.727712,813.727712,813.727712,813.727712
2014-06-01 00:00:00,0183_20130110_MOBZ_OAMANTEDARAINHA,Zima,60.349184,0.0,874.076896,874.076896,874.076896,60.349184
2014-07-01 00:00:00,0183_20130110_MOBZ_OAMANTEDARAINHA,Zima,67.721472,0.0,941.798368,941.798368,941.798368,67.721472
2014-08-01 00:00:00,0183_20130110_MOBZ_OAMANTEDARAINHA,Zima,4.49694336,0.0,946.29531136,946.29531136,946.29531136,4.49694336
2014-06-01 00:00:00,0245_20131021_SOFA_AGRANDEBELEZA,Mares Filmes,38680.3331145,-2534.54545455,38680.3331145,36145.78766,36145.78766,36145.78766
2014-06-01 00:00:00,0260_20131108_AZULEACORMAISQUENTE,Tag Cultural,77360.666229,-3149.5,77360.666229,74211.166229,74211.166229,74211.166229
